function [graph] = five_cities()
    graph = [ 
    1000,  6,  4,  8,  7;
    6,  1000,  7,  11, 7;
    4,  7,  1000,  4,  3;
    8, 11,  4,  1000,  5;
    7,  7,  3,  5,  1000
];
end