function [graph] = four_cities()
    graph = [ 
    1000, 11, 4, 3;
    11, 1000, 1, 7;
    4, 1, 1000, 3;
    3, 7, 3, 1000
];
end