function [graph] = six_cities()
    graph = [ 
    1000, 4, 4, 4, 8, 7;
    4, 1000, 4, 3, 8, 11;
    4, 4, 1000, 7, 8, 3;
    4, 3, 7, 1000, 8, 7;
    8, 8, 8, 8, 1000, 6;
    7, 11, 3, 7, 6, 1000
];
end